cntr	ra	dec
3004089401351005624	279.8130479	-89.8500401
3004089401351006692	292.2013008	-89.8500232
3004089401351005796	278.8227004	-89.8500157
2403089401351005680	220.9430186	-89.8500125
3004089401351005268	309.3114841	-89.8499253
89401351020070	2.6702065	-89.7898244
3004089401351017920	304.5513066	-89.7897477
1802089401351018172	167.6617103	-89.7897366
89401351018350	347.4872982	-89.7896707
89401351019537	339.7564613	-89.7896648
1201089401351017628	122.3198912	-89.7287341
600089401351017495	46.4934035	-89.7287139
2403089401351018043	235.6003886	-89.7287096
3004089401351018508	323.2862728	-89.7286287
3004089401351018241	293.4456712	-89.7286052
600089401351018472	59.1827069	-89.7215026
3004089401351022175	345.7771409	-89.7214591
1802089401351019510	157.7632552	-89.7214464
1201089401351018281	111.5777656	-89.7213603
1201089401351018400	138.2606001	-89.721352
1802089401351018849	155.0332856	-89.7069098
600089401351009025	2.6309037	-89.7069043
1802089401351018660	168.3344757	-89.7068934
3004089401351019298	286.2466973	-89.7068871
1201089401351018083	149.9928369	-89.7068786
89401351021055	27.2612405	-89.6312286
1201089401351018861	98.8781246	-89.6311985
89401351019157	355.2572614	-89.63113
600089401351018922	74.2513086	-89.6311215
2403089401351018881	225.4022461	-89.6311133
2403089401351018547	253.1581556	-89.5312826
600089401351015807	32.696727	-89.531277
3004089401351019077	287.2356249	-89.5312543
2403089401351017435	189.1151171	-89.5312403
89401351019366	346.0765243	-89.5312396
3004089401351018970	316.9615757	-89.5196647
89401351015338	332.7429587	-89.5196295
89401351018018	344.2646897	-89.5195924
600089401351019187	56.3075039	-89.5195723
3004089401351018401	294.5418693	-89.5195657
2403089401351017098	216.2984766	-89.4898831
1802089401351012592	88.5010315	-89.489845
89401351018113	17.106488	-89.489783
2403089401351015601	217.2664944	-89.4897695
1802089401351032122	169.2665315	-89.4897595
600089401351032489	36.1052873	-89.4459347
3004089401351028120	325.3246746	-89.445887
3004089401351031422	301.5865537	-89.4458815
3004089401351015573	271.5532591	-89.4458739
89401351029655	21.2746712	-89.4458736
3004089401351030961	310.0514105	-89.4324136
89401351030396	347.458193	-89.432387
1802089401351027767	201.1390072	-89.4323816
89401351032195	5.910213	-89.4323703
1201089401351031825	112.4473566	-89.4323601
600089401351027867	82.368647	-89.4153424
89401351030560	353.8860806	-89.4153397
1802089401351034072	152.7210118	-89.4153264
1802089401351032461	182.8596219	-89.4153028
600089401351030459	68.3644767	-89.4153012
2403089401351030946	254.4468504	-89.3783408
1802089401351031852	174.7077754	-89.3783219
1201089401351030221	124.3775741	-89.3782449
89401351031492	357.5910117	-89.3782308
1802089401351031745	178.5211071	-89.378186
1802089401351028516	198.6487147	-89.3491922
2403089401351031701	244.9228473	-89.3491859
3004089401351034906	279.12977	-89.3491674
1802089401351028080	196.933359	-89.3491447
1201089401351030938	123.0379744	-89.3491384
1201089401351033686	92.7512306	-89.3463834
89401351030092	36.7084214	-89.3463788
3004089401351013703	247.2774793	-89.3463046
1802089401351032184	174.4423291	-89.3462826
89401351033023	332.2489322	-89.346281
3004089401351031969	290.858049	-89.3294809
89401351031403	6.375513	-89.329479
2403089401351030468	236.2881387	-89.3294775
89401351033819	333.279474	-89.3294758
600089401351031447	62.0048964	-89.3294745
3004089401351030839	297.062361	-89.3265338
89401351033452	332.3855613	-89.3265293
2403089401351028758	268.1938342	-89.3265101
3004089401351031711	296.070063	-89.3265067
1802089401351033867	161.3804083	-89.3264912
1201089401351032729	94.2152319	-89.3210371
600089401351033165	30.5062878	-89.3210188
1802089401351033173	163.5151508	-89.3209948
1802089401351031040	172.459548	-89.320991
1201089401351033577	92.7864824	-89.3209802
1201089401351027785	148.5434975	-89.2996698
1201089401351032650	98.0097573	-89.2996523
1201089401351031351	114.393045	-89.2996296
2403089401351032696	253.1214755	-89.2996258
2403089401351028875	258.6527934	-89.2996191
3004089401351034148	276.2076194	-89.2941918
3004089401351034910	280.3611515	-89.2941758
89401351032988	346.0920623	-89.2941742
600089401351029457	79.2193998	-89.2941599
2403089401351033594	217.2733079	-89.2941573
89401351032946	340.9542309	-89.2918594
1802089401351031047	168.0944285	-89.2918494
2403089401351028693	254.3912248	-89.2918463
2403089401351034752	219.257891	-89.2918397
1802089401351028385	208.248159	-89.2918377
89401351030032	17.859111	-89.287123
1201089401351030353	111.8057519	-89.287111
1201089401351027584	147.815048	-89.2871092
2403089401351012000	158.8655701	-89.2871081
1201089401351032687	92.5684374	-89.287107
600089401351034160	37.1862859	-89.2821652
2403089401351034072	211.638408	-89.2821626
2403089401351029297	259.6821602	-89.2821554
600089401351031849	60.0274313	-89.2821384
89401351031951	352.1781889	-89.2821374
2403089401351033782	216.6794721	-89.271855
1802089401351031387	192.0933502	-89.2718464
2403089401351031635	246.4041397	-89.2718292
3004089401351033646	280.7786683	-89.2718255
600089401351030585	63.1718929	-89.2717829
2403089401351030495	250.349578	-89.2299285
600089401351030098	62.803064	-89.229902
1802089401351028037	205.6924688	-89.229881
600089401351033267	37.9862589	-89.2298805
1802089401351027622	195.3480525	-89.2298679
1802089401351029387	198.0196583	-89.2003394
1802089401351032040	177.8343384	-89.200328
1802089401351031099	177.5244183	-89.2003206
3004089401351028535	313.4690063	-89.2003163
2403089401351028241	268.2222612	-89.200303
3004089401351032103	289.8468669	-89.1895249
2403089401351032705	249.5679214	-89.1895114
89401351029102	31.2960973	-89.1895076
600089401351028521	81.6564535	-89.1895036
3004089401351033109	281.900346	-89.1894571
2403089401351028438	267.7478539	-89.1850624
3004089401351044527	293.6966616	-89.1850412
2403089401351029586	252.61819	-89.1850152
3004089401351033954	274.177507	-89.1849897
1802089401351045458	183.138979	-89.1849878
1201089401351034619	90.052499	-89.1762831
1201089401351034777	93.8781336	-89.1762828
1201089401351033766	104.0349105	-89.1762808
89401351043247	2.8700685	-89.1762743
89401351043731	355.8491559	-89.1762729
89401351028164	15.0433467	-89.1739817
2403089401351029404	256.6338031	-89.1739758
1802089401351045539	179.8892941	-89.1739724
89401351044530	4.8554761	-89.1739723
2403089401351043542	236.0726453	-89.1739626
1201089401351033883	97.2032429	-89.1698411
89401351043524	6.7412137	-89.1698396
1201089401351032734	94.385864	-89.1698283
1201089401351043939	120.9505669	-89.1698203
600089401351043657	65.9493732	-89.1698122
89401351045700	355.4880396	-89.1568776
600089401351043099	52.0510921	-89.1568763
3004089401351047474	315.7339755	-89.156876
89401351041708	343.0917543	-89.1568602
3004089401351047275	311.7777509	-89.1568586
3004089401351040584	285.9712629	-89.1425083
1802089401351028933	207.9272896	-89.1424871
89401351034214	336.9517681	-89.1424633
3004089401351043281	306.6047259	-89.1424597
600089401351043136	57.0418391	-89.1424164
1201089401351047579	137.7106616	-89.0911931
600089401351046460	74.1510907	-89.0911762
1201089401351041474	94.7233598	-89.0911677
2403089401351043154	219.6466286	-89.0911652
3004089401351044386	308.8872492	-89.0911337
1802089401351041166	158.9132461	-89.0833958
600089401351048022	84.5124199	-89.0833872
600089401351047405	78.0315315	-89.0833855
3004089401351043435	298.1948347	-89.083384
600089401351040603	42.0506647	-89.0833809
89401351046568	18.1473792	-89.0327201
1802089401351044743	183.0306283	-89.0327171
1802089401351041058	169.7507177	-89.0327046
1201089401351041516	99.4562254	-89.0327042
1802089401351041525	156.7442678	-89.0326843
3004089401351046953	316.5176131	-89.0230173
2403089401351037257	189.6676584	-89.0230034
2403089401351044849	244.3340138	-89.0230033
1201089401351043271	117.0457782	-89.0229906
1802089401351046062	203.8112194	-89.0229904
1201089401351040452	103.7130768	-89.0112017
2403089401351050293	274.4055734	-89.0111944
1201089401351045678	136.1926667	-89.0111801
600089401351041264	35.9633949	-89.0111714
2403089401351047591	264.3728813	-89.011162
2403089401351042496	219.4202679	-88.9960402
89401351046933	11.0141509	-88.996033
89401351043315	7.9171584	-88.9960312
3004089401351043774	308.3075839	-88.9960296
600089401351040277	39.8284703	-88.996029
600089401351040739	44.0859882	-88.9906863
2403089401351041349	215.8498881	-88.9906859
89401351045781	13.2420998	-88.9906774
3004089401351046093	309.809545	-88.9906745
89401351041190	344.738214	-88.9906643
1201089401351041861	102.9276764	-88.9656698
89401351041143	344.749169	-88.9656427
1802089401351044160	175.0869376	-88.9656189
600089401351043790	56.0862852	-88.9656125
600089401351049120	87.5999627	-88.9656067
3004089401351043349	298.6216763	-88.9638039
89401351045888	19.121173	-88.9637983
600089401351044358	58.0507241	-88.963796
2403089401351049748	268.778639	-88.9637933
1802089401351046987	194.5747925	-88.9637777
89401351042484	336.5669839	-88.9548528
1802089401351046560	200.67466	-88.9548501
1201089401351042021	98.8887928	-88.9548022
1802089401351049729	209.7382822	-88.9547998
1201089401351037082	79.2583385	-88.9547852
1802089401351041998	162.6175158	-88.9531102
89401351046474	9.9739944	-88.9531061
1802089401351041941	159.3962779	-88.9530984
1802089401351041805	164.5056689	-88.9530812
600089401351043440	63.9564328	-88.9530774
89401351041334	340.2133852	-88.9460502
1201089401351046514	134.1669121	-88.9460355
1802089401351042495	164.2720825	-88.9460348
1201089401351046042	130.8931692	-88.9460302
1201089401351046632	135.7251458	-88.9460204
2403089401351049843	269.4537924	-88.9389807
1802089401351047415	205.3399617	-88.9389751
1802089401351041102	163.6344261	-88.938974
1201089401351040685	96.2261573	-88.938972
600089401351045087	68.1648882	-88.9389652
1802089401351040969	163.1133153	-88.9323882
3004089401351046262	315.4819388	-88.9323849
89401351047859	9.6825036	-88.9323713
600089401351043737	61.7339966	-88.9323569
3004089401351045872	309.0114479	-88.9323569
2403089401351043768	241.0736154	-88.9173742
2403089401351041095	220.8158455	-88.917369
1802089401351046731	201.1955154	-88.9173597
89401351047410	24.927408	-88.9173578
1802089401351045062	185.031682	-88.9173487
600089401351043430	61.9392997	-88.9073646
1802089401351042767	165.1592447	-88.9073555
2403089401351039521	214.3651107	-88.9073516
2403089401351042202	215.1174904	-88.907346
600089401351043054	53.173254	-88.9073437
1802089401351043231	157.4650404	-88.9039794
89401351047164	19.2471916	-88.9039662
600089401351049735	86.4040018	-88.9039624
89401351046326	24.6134306	-88.9039608
1201089401351045779	141.9143724	-88.9039586
3004089401351049215	328.6115523	-88.8969978
1201089401351042852	114.5589581	-88.8969932
2403089401351046647	252.6443284	-88.8969914
600089401351040408	39.3582135	-88.8969684
1201089401351048322	148.9039065	-88.8969597